Name		    x1	x2	x3	x4	x5	x6
Сауль		    70	77	79	82	78	76
Коке		    69	75	88	82	69	78
Артуро Видаль	57	80	79	78	84	83
Даниэль Парехо	47	80	88	79	71	71
Иван Ракитич	62	84	87	82	72	69
Каземиро 	    62	69	75	72	87	88
Серхио Бускетс	43	62	79	78	85	80
Иско		    72	81	85	92	61	62
Тони Кроос	    67	82	89	82	74	69
Лука Модрич	    76	76	90	91	70	67
Карвахаль	    82	45	73	79	82	78
Серджи Роберто	78	63	81	77	80	71
Филипе Луис	    75	62	78	79	81	79
Рафаэль Варан	84	45	61	65	86	80
Самюэль Умтити	72	64	71	72	88	82
Жорди Альба	    93	69	79	83	79	72
Пике		    55	61	69	66	87	76
Марсело		    82	71	83	90	81	82
Диего Годин	    68	48	65	64	89	84
Серхио Рамос	75	63	71	72	91	84
Муса Дембеле	72	70	77	87	78	82
Фабиньо		    71	69	78	77	84	84
Неманья Матич	56	71	79	76	83	83
Фернандиньо	    67	74	78	79	83	79
Месут Озил	    70	73	86	84	24	58
Кристиан Эриксе 74	82	89	86	53	64
Поль Погба 	    75	79	86	85	69	87
Давид Сильва 	66	74	87	91	50	60
Н'Голо Канте	80	66	77	81	87	84
Кевин де Брейне	77	86	92	87	60	78
Давид Луис	    61	65	73	71	82	77
Давинсон Санчес	76	45	55	67	84	82
Кайл Уокер	    90	63	75	77	81	80
Сократис	    69	51	50	61	84	82
Тоби Алдервейре 62	57	72	66	88	78
Венсан Компани 	56	54	65	66	85	81
Вирджил ван Дей 71	60	67	70	85	84
Сесар Аспиликуэ 76	55	78	74	87	77
Николас Отаменд 60	57	63	61	86	80
Ян Вертонген	63	63	73	72	88	79